203
174 449 124
415 118 39
249 743 77
966 237 478
171 667 127
336 164 554
438 250 432
923 293 230
75 471 684
211 813 739
660 290 372
778 329 898
522 758 665
111 236 914
131 715 232
647 270 403
898 54 739
191 637 529
14 321 452
828 412 879
118 136 90
799 34 751
557 51 881
145 317 403
861 549 867
483 952 350
889 691 997
526 220 247
199 24 791
611 255 805
747 697 633
133 448 103
536 682 902
853 85 459
402 304 957
354 654 818
397 652 301
969 251 190
345 42 69
600 848 268
298 833 232
98 937 331
780 191 465
218 651 1
874 608 207
529 778 609
533 79 316
784 621 65
179 690 35
27 311 732
212 543 333
149 874 983
341 691 433
344 45 566
304 252 136
82 213 10
513 881 539
134 947 424
177 334 561
840 66 740
383 751 119
609 86 331
653 520 833
50 438 526
302 574 222
867 584 526
749 476 960
696 252 473
382 813 959
448 905 136
200 24 328
638 708 711
158 541 673
948 419 678
874 641 728
811 167 30
287 479 249
891 952 998
705 263 46
610 752 428
987 80 229
695 144 781
236 817 419
655 847 578
648 575 878
815 957 753
646 206 564
598 205 203
213 603 94
965 384 151
46 613 114
190 394 101
359 813 796
206 743 384
781 622 391
738 727 39
296 291 206
853 494 852
457 940 802
841 92 15
454 558 981
848 659 379
13 807 569
757 543 280
731 934 838
458 325 971
749 531 709
595 735 357
535 537 211
979 904 668
537 885 509
548 616 315
707 537 515
250 817 528
536 7 285
861 978 368
744 687 826
479 45 575
368 256 522
273 276 58
510 137 389
127 452 279
664 967 827
834 847 535
841 485 137
820 853 674
859 680 887
256 607 632
864 130 463
140 540 832
277 929 105
81 208 967
400 388 94
248 275 111
85 412 945
938 438 138
970 326 958
578 310 818
708 773 426
248 957 291
529 62 783
738 30 413
126 476 494
753 587 247
517 884 847
956 23 932
634 981 870
296 151 193
69 930 771
379 221 479
441 356 79
823 769 608
652 616 698
239 863 176
124 710 929
499 994 447
832 216 755
984 409 389
266 180 685
487 11 106
195 442 485
965 403 279
581 101 454
796 278 106
858 559 698
852 358 174
420 113 25
830 854 857
362 891 841
726 350 459
168 187 946
571 818 494
25 273 459
655 731 392
214 781 540
573 307 398
38 332 602
893 190 22
784 383 204
486 843 567
674 141 293
492 635 813
117 446 385
849 838 410
982 730 65
290 128 631
974 82 556
164 105 595
900 661 840
743 228 976
884 873 463
872 687 137
318 424 981
509 834 99
239 251 300
720 882 282
802 439 924
259 386 899
921 226 415
501 202 315
34 42 342
544 546 57
144 67 546
