107
111 296 769
59 598 237
702 272 54
541 216 37
863 169 159
432 655 346
983 584 120
188 412 224
252 582 612
625 368 871
273 138 316
871 727 428
143 134 839
712 523 541
233 34 82
888 380 298
825 853 730
237 77 65
819 41 253
539 912 858
677 228 835
757 8 109
243 847 980
118 389 476
152 823 188
532 121 421
385 203 662
462 268 839
855 874 76
767 84 247
348 919 786
356 28 816
204 361 925
945 837 168
120 377 638
242 150 790
797 164 322
66 3 708
292 431 522
376 30 378
295 169 497
676 985 845
37 262 202
226 782 758
603 420 55
105 210 175
270 532 417
273 592 567
705 467 633
735 197 277
904 694 5
241 892 652
855 94 328
637 204 717
57 259 943
267 434 898
152 204 4
96 771 274
915 756 547
112 33 604
159 38 692
51 690 596
497 371 190
701 88 45
312 32 683
746 282 92
950 286 712
73 912 864
829 812 312
214 416 228
604 108 692
647 57 851
18 599 254
458 644 751
490 679 804
125 772 116
411 484 863
324 700 165
136 364 591
904 944 772
365 637 339
422 840 943
373 95 942
17 198 960
49 3 419
173 471 261
9 686 386
61 852 150
425 795 826
722 567 314
359 906 218
551 202 583
646 144 357
197 457 82
552 228 452
23 489 501
710 228 674
914 730 35
709 556 96
628 870 873
887 440 595
89 376 306
585 85 858
394 168 856
622 620 53
112 473 957
692 499 981
