107
-103 -100 -103
-102 -100 102
-101 105 -101
-100 103 100
1 56 80
2 2 6
3 23 0
4 27 29
5 10 1
6 0 38
7 0 47
8 35 62
9 12 55
10 27 68
11 21 69
12 46 55
13 1 72
14 11 43
15 0 87
16 16 2
17 13 14
18 23 45
19 15 25
20 21 80
21 18 70
22 21 5
23 46 4
24 19 28
25 38 88
26 1 48
27 12 82
28 22 99
29 0 51
30 17 93
31 13 28
32 10 94
33 19 43
34 10 69
35 15 87
36 0 52
37 23 33
38 12 69
39 16 74
40 26 26
41 40 69
42 11 32
43 24 70
44 13 30
45 0 82
46 0 88
47 21 7
48 26 94
49 32 29
50 12 96
51 30 25
52 16 78
53 3 33
54 0 75
55 21 19
56 12 89
57 11 29
58 33 56
59 0 18
60 10 90
61 13 54
62 0 86
63 20 21
64 34 24
65 14 14
66 17 58
67 21 4
68 3 76
69 14 28
70 15 13
71 14 29
72 21 26
73 31 64
74 11 78
75 28 7
76 13 63
77 2 23
78 0 9
79 2 48
80 20 98
81 22 75
82 25 33
83 11 3
84 17 53
85 21 88
86 10 94
87 14 56
88 0 61
89 14 68
90 12 12
91 13 38
92 13 74
93 10 77
94 22 73
95 25 40
96 19 67
97 1 2
98 37 24
99 10 41
100 -100 -100
101 -102 105
107 100 -106
109 104 100
