300
477 639 849
748 55 67
602 746 79
887 137 49
471 458 510
668 916 691
88 605 883
494 25 999
946 985 716
986 929 745
977 778 804
32 845 634
131 277 382
268 678 984
78 189 223
346 232 695
304 467 715
329 466 155
667 182 2
596 928 300
374 84 286
571 718 615
200 452 0
879 788 131
420 364 751
652 411 830
119 126 528
937 634 832
119 636 162
399 288 829
836 926 777
554 541 151
359 541 722
147 672 923
511 776 802
922 606 574
401 134 226
387 319 697
375 833 634
663 662 105
589 791 505
130 942 341
672 664 247
696 939 606
472 741 106
430 667 969
917 893 244
236 942 997
69 928 384
83 34 759
874 891 774
816 232 363
832 831 845
772 438 517
865 896 566
533 865 390
778 461 821
721 458 738
1 194 326
35 953 395
926 727 830
510 442 704
342 288 872
132 157 56
28 723 180
245 466 46
707 287 931
517 377 61
712 55 782
665 802 784
745 632 171
539 688 98
827 912 608
985 968 302
60 149 434
526 547 814
165 830 60
894 891 119
949 26 636
751 162 348
735 333 366
423 783 463
335 744 2
656 46 830
157 833 167
56 647 579
886 59 106
129 178 623
155 815 518
317 515 467
3 233 571
786 696 306
530 699 730
929 881 417
762 400 73
409 979 582
469 437 638
999 61 876
166 579 6
682 398 161
915 969 831
612 628 834
663 358 972
896 127 855
296 553 784
627 135 898
65 126 659
126 354 480
57 360 480
455 874 646
777 57 328
405 891 596
115 215 560
242 70 223
147 206 471
283 104 119
761 764 746
115 244 811
828 724 289
702 723 346
111 51 802
2 647 931
569 207 336
640 782 451
846 253 45
303 724 193
67 471 828
663 634 941
740 924 408
463 270 236
514 424 290
514 355 401
73 43 755
208 846 325
813 244 965
538 437 163
361 617 466
995 558 885
919 966 901
542 555 641
318 845 104
674 247 970
69 354 484
916 679 910
160 996 118
949 512 283
566 330 821
476 216 182
794 117 178
349 110 449
547 214 343
146 184 662
500 21 688
532 931 757
528 401 673
40 684 185
371 858 134
939 40 52
408 570 880
518 372 27
732 715 728
268 377 275
289 417 773
572 175 274
325 200 806
362 738 686
220 872 727
612 277 450
535 509 741
907 536 149
974 265 667
704 892 751
121 18 19
296 292 661
849 450 585
587 488 911
811 215 273
440 17 845
950 758 457
838 259 344
455 278 251
348 29 578
366 401 282
10 414 403
812 999 52
300 262 901
868 535 840
885 732 651
996 542 92
255 886 394
534 138 232
915 68 688
668 350 388
82 105 106
82 157 468
344 410 280
232 250 932
316 254 800
858 698 38
745 92 386
235 676 993
303 364 527
653 104 795
758 210 463
268 30 898
678 662 980
281 595 676
535 747 260
233 137 577
677 523 787
353 869 532
718 748 767
174 543 422
737 359 75
767 257 186
430 589 454
25 617 484
124 878 765
262 807 652
137 594 237
6 479 914
755 246 268
650 21 338
9 96 864
266 634 601
855 88 369
473 925 151
703 42 528
862 695 652
808 284 266
287 199 404
886 819 762
907 509 517
355 373 168
990 975 177
430 696 796
707 847 3
750 375 828
797 379 883
81 646 745
280 402 906
451 164 193
960 682 431
686 202 690
661 731 46
709 879 388
908 883 170
283 711 878
14 595 628
660 692 425
62 598 506
227 144 139
261 575 590
815 618 903
546 16 589
778 404 602
661 926 311
372 804 571
319 784 854
12 561 220
610 420 881
754 559 295
682 501 522
300 404 135
316 345 950
72 947 849
998 610 627
155 181 640
939 387 12
501 608 332
921 489 696
832 784 306
333 659 413
90 146 95
435 449 747
383 298 415
993 277 487
527 917 837
914 281 992
522 965 932
363 661 785
500 320 706
511 733 538
657 180 223
106 279 313
756 694 749
33 533 132
302 722 477
584 715 4
901 999 271
563 784 793
235 842 509
968 380 9
500 955 520
779 269 529
825 18 636
710 502 392
432 331 778
147 688 80
146 959 16
